Dice: 0.4925, IoU: 0.3849, Acc: 0.9914
----------discriminator-----------
TPR-FPR: 0.0
TP: 141
FN: 0
FP: 91
TN: 0
Accuracy: 0.6077586206896551
F-measure: 0.7560321715817694
precision: 0.6077586206896551
recall: 1.0
specificity: 0.0
AUC: 0.5967188839529266
-------------cutoff--------------
TPR-FPR: 0.18104590445015978
Threshold: 0.3530026078224182
TP: 103
FN: 38
FP: 50
TN: 41
Accuracy: 0.6206896551724138
F-measure: 0.7006802721088436
precision: 0.673202614379085
recall: 0.7304964539007093
specificity: 0.45054945054945056
