Dice: 0.6372, IoU: 0.5137, Acc: 0.9917
----------discriminator-----------
TPR-FPR: 0.5649598628322032
TP: 106
FN: 35
FP: 17
TN: 74
Accuracy: 0.7758620689655172
F-measure: 0.803030303030303
precision: 0.8617886178861789
recall: 0.75177304964539
specificity: 0.8131868131868132
AUC: 0.8417114800093523
-------------cutoff--------------
TPR-FPR: 0.585846777336139
Threshold: 0.3933282196521759
TP: 95
FN: 46
FP: 8
TN: 83
Accuracy: 0.7672413793103449
F-measure: 0.778688524590164
precision: 0.9223300970873787
recall: 0.6737588652482269
specificity: 0.9120879120879121
