Dice: 0.5286, IoU: 0.4253, Acc: 0.9918
----------discriminator-----------
TPR-FPR: 0.6578598706258281
TP: 116
FN: 25
FP: 15
TN: 76
Accuracy: 0.8275862068965517
F-measure: 0.8529411764705882
precision: 0.8854961832061069
recall: 0.8226950354609929
specificity: 0.8351648351648352
AUC: 0.8504013716779674
-------------cutoff--------------
TPR-FPR: 0.6720442677889487
Threshold: -0.048196401447057724
TP: 118
FN: 23
FP: 15
TN: 76
Accuracy: 0.8362068965517241
F-measure: 0.8613138686131386
precision: 0.8872180451127819
recall: 0.8368794326241135
specificity: 0.8351648351648352
