Dice: 0.4122, IoU: 0.3208, Acc: 0.9907
----------discriminator-----------
TPR-FPR: 0.5837424986361156
TP: 104
FN: 37
FP: 14
TN: 77
Accuracy: 0.7801724137931034
F-measure: 0.8030888030888029
precision: 0.8813559322033898
recall: 0.7375886524822695
specificity: 0.8461538461538461
AUC: 0.8551944509391318
-------------cutoff--------------
TPR-FPR: 0.5951211908658717
Threshold: -0.28427863121032715
TP: 118
FN: 23
FP: 22
TN: 69
Accuracy: 0.8060344827586207
F-measure: 0.8398576512455516
precision: 0.8428571428571429
recall: 0.8368794326241135
specificity: 0.7582417582417582
